CPPOut.dat has 4506 lines
processing data file: CPPOut.dat with 4505 data points
created instance
reading fileread file succesfully!
 in multipl function
bnorm=144505
0 0 1
2 0 55038.9
2 1 -1917.31
2 2 459.364
4 0 -29763.9
4 1 1463.3
4 2 215.929
4 3 45.8867
4 4 -19.7118
6 0 17893.6
6 1 -1543.62
6 2 -86.3016
6 3 -283.711
6 4 14.1719
6 5 62.6534
6 6 -198.298
8 0 -11815.2
8 1 303.534
8 2 297.712
8 3 311.209
8 4 -54.9687
8 5 -20.7048
8 6 250.718
8 7 -37.7989
8 8 11.3547
10 0 8830.11
10 1 -109.264
10 2 -85.8611
10 3 -258.533
10 4 41.088
10 5 30.2243
10 6 -45.0453
10 7 31.4158
10 8 -1.76889
10 9 16.5049
10 10 -3.55848
12 0 -5395.68
12 1 -241.913
12 2 84.0878
12 3 126.156
12 4 -43.3099
12 5 -108.387
12 6 -1286.23
12 7 56.005
12 8 -9.8879
12 9 140.429
12 10 -16.643
12 11 34.7056
12 12 -129.974
14 0 2568.8
14 1 262.549
14 2 -134.148
14 3 408.459
14 4 -259.154
14 5 -53.0873
14 6 -688.308
14 7 28.5574
14 8 -36.8597
14 9 365.591
14 10 -92.3985
14 11 -22.937
14 12 -209.472
14 13 -28.7335
14 14 -14.9847
16 0 -3963.68
16 1 -172.192
16 2 -157.728
16 3 18.9186
16 4 -13.4726
16 5 -37.3167
16 6 -870.165
16 7 -15.4975
16 8 -147.78
16 9 482.789
16 10 -139.15
16 11 33.1656
16 12 228.871
16 13 15.9434
16 14 19.4748
16 15 -285.673
16 16 23.4743
18 0 3110.16
18 1 157.365
18 2 116.208
18 3 126.452
18 4 -5.38912
18 5 -54.7812
18 6 -230.533
18 7 -17.5036
18 8 -58.9939
18 9 -20.1487
18 10 37.8113
18 11 43.9507
18 12 -88.0331
18 13 17.4763
18 14 37.4302
18 15 -80.3882
18 16 0.807403
18 17 20.7916
18 18 -136.083
20 0 -259.942
20 1 -220.895
20 2 -74.4122
20 3 -71.2139
20 4 50.2108
20 5 110.43
20 6 1088.95
20 7 31.7347
20 8 116.442
20 9 -373.076
20 10 156.297
20 11 -41.5341
20 12 -554.964
20 13 -41.052
20 14 -79.5117
20 15 829.15
20 16 -98.216
20 17 -7.70376
20 18 -442.04
20 19 -15.8787
20 20 8.73566
22 0 796.3
22 1 263.35
22 2 227.411
22 3 -79.4208
22 4 173.247
22 5 62.0061
22 6 483.31
22 7 30.5059
22 8 89.9324
22 9 -136.222
22 10 52.9964
22 11 -18.5934
22 12 276.283
22 13 -34.3863
22 14 -54.2911
22 15 378.958
22 16 -12.3177
22 17 -0.526892
22 18 -423.963
22 19 -23.3847
22 20 15.679
22 21 -145.407
22 22 -9.63914
24 0 -700.687
24 1 -126.744
24 2 144.067
24 3 -125.973
24 4 160.736
24 5 27.9071
24 6 33.1613
24 7 11.7117
24 8 -14.8436
24 9 64.2055
24 10 -51.9419
24 11 85.6936
24 12 696.417
24 13 23.8473
24 14 37.309
24 15 -301.436
24 16 73.185
24 17 7.10647
24 18 -80.8193
24 19 -21.9899
24 20 -32.5587
24 21 218.452
24 22 -35.6116
24 23 -6.19139
24 24 -1.47617
26 0 -994.719
26 1 295.941
26 2 136.687
26 3 -82.1533
26 4 163.376
26 5 -116.696
26 6 -576.328
26 7 -29.2532
26 8 -42.8208
26 9 102.074
26 10 -48.814
26 11 42.089
26 12 -48.9046
26 13 12.4533
26 14 16.7884
26 15 -31.8479
26 16 -22.4885
26 17 -4.28597
26 18 186.582
26 19 3.66811
26 20 -34.6341
26 21 415.331
26 22 -24.5397
26 23 5.27333
26 24 -14.8013
26 25 4.54631
26 26 7.51129
28 0 650.761
28 1 -8.66447
28 2 162.635
28 3 -134.519
28 4 149.914
28 5 -175.549
28 6 -747.813
28 7 -29.4703
28 8 18.0229
28 9 -25.1629
28 10 28.5434
28 11 -78.8177
28 12 -453.659
28 13 -24.9638
28 14 -4.19122
28 15 -2.47452
28 16 -11.9386
28 17 32.2138
28 18 178.826
28 19 25.9653
28 20 31.4942
28 21 -43.1464
28 22 18.5968
28 23 26.0947
28 24 25.6
28 25 4.67995
28 26 7.88494
28 27 -65.8277
28 28 -5.43819
30 0 -1863.82
30 1 220.266
30 2 55.2968
30 3 -34.2631
30 4 74.4953
30 5 -124.997
30 6 -415.982
30 7 15.7706
30 8 37.7623
30 9 -83.38
30 10 32.998
30 11 18.8651
30 12 58.7554
30 13 15.3673
30 14 -8.25058
30 15 -27.2329
30 16 43.8647
30 17 48.3971
30 18 -2.39028
30 19 23.4795
30 20 14.3068
30 21 -102.044
30 22 8.76904
30 23 25.663
30 24 106.595
30 25 11.4243
30 26 -7.16371
30 27 52.0366
30 28 -10.8686
30 29 -9.77931
30 30 -2.74586
32 0 1493.44
32 1 45.2526
32 2 -73.639
32 3 33.7415
32 4 -109.949
32 5 -20.2939
32 6 -19.5672
32 7 28.2015
32 8 14.2988
32 9 -59.3118
32 10 11.0605
32 11 23.2677
32 12 116.137
32 13 -0.710523
32 14 -9.60789
32 15 8.20114
32 16 -12.0672
32 17 -27.7203
32 18 -217.006
32 19 -21.6336
32 20 -10.9675
32 21 61.6337
32 22 -14.4456
32 23 14.8032
32 24 51.3047
32 25 11.8006
32 26 -2.29018
32 27 125.379
32 28 6.11274
32 29 4.23067
32 30 0.32204
32 31 -2.70937
32 32 2.09873
34 0 -2562.72
34 1 174.42
34 2 -239.51
34 3 74.0723
34 4 -187.251
34 5 61.7664
34 6 195.051
34 7 12.6827
34 8 -54.7857
34 9 54.7361
34 10 -66.104
34 11 -38.4391
34 12 -154.434
34 13 -18.0842
34 14 5.01539
34 15 46.3105
34 16 -22.4757
34 17 -77.9767
34 18 -112.537
34 19 -36.1502
34 20 13.7088
34 21 -25.215
34 22 18.5522
34 23 -1.36341
34 24 -34.7692
34 25 1.87193
34 26 -8.34294
34 27 -4.96164
34 28 17.4503
34 29 13.7774
34 30 1.11783
34 31 1.05614
34 32 5.40972
34 33 -20.4267
34 34 -3.68026
36 0 1391.8
36 1 158.979
36 2 -1.41862
36 3 -24.2466
36 4 -46.5884
36 5 40.2977
36 6 121.25
36 7 9.20551
36 8 -67.5528
36 9 94.627
36 10 -71.2299
36 11 -10.3892
36 12 -45.8488
36 13 -12.6744
36 14 10.0051
36 15 27.3337
36 16 -7.98783
36 17 -5.77418
36 18 60.0938
36 19 1.70909
36 20 13.1027
36 21 -0.329666
36 22 7.12144
36 23 -12.2745
36 24 -24.7472
36 25 -10.9623
36 26 -11.2841
36 27 -27.5892
36 28 12.5018
36 29 3.34295
36 30 -5.18924
36 31 -5.27495
36 32 -3.37109
36 33 9.22279
36 34 -5.14924
36 35 -6.44638
36 36 8.16121
38 0 -3003.33
38 1 224.657
38 2 31.1005
38 3 -38.7161
38 4 77.9165
38 5 33.9451
38 6 177.812
38 7 8.73351
38 8 39.2689
38 9 -61.8925
38 10 63.494
38 11 33.673
38 12 92.8518
38 13 -15.9653
38 14 -38.7561
38 15 107.426
38 16 -39.6688
38 17 22.421
38 18 40.001
38 19 -1.62916
38 20 -4.27426
38 21 95.7676
38 22 -20.5538
38 23 -23.9269
38 24 -12.5231
38 25 -14.9737
38 26 1.46967
38 27 11.097
38 28 2.80504
38 29 1.7849
38 30 4.11394
38 31 0.205738
38 32 -9.00717
38 33 29.7102
38 34 2.85094
38 35 -8.323
38 36 21.9799
38 37 -3.23513
38 38 0.380054
40 0 1259.03
40 1 208.027
40 2 -32.3394
40 3 2.80469
40 4 2.34259
40 5 3.12449
40 6 20.0751
40 7 11.8299
40 8 21.8257
40 9 -51.0477
40 10 32.9249
40 11 17.1993
40 12 27.8387
40 13 -8.05145
40 14 -1.92948
40 15 31.732
40 16 5.92759
40 17 49.6247
40 18 70.3472
40 19 22.3185
40 20 1.83009
40 21 17.9469
40 22 5.66862
40 23 -9.22609
40 24 2.2753
40 25 -1.25981
40 26 11.7077
40 27 -6.63624
40 28 -3.30432
40 29 1.55705
40 30 -5.9343
40 31 4.29168
40 32 -3.47331
40 33 -18.8697
40 34 1.26988
40 35 2.73914
40 36 5.6192
40 37 1.37959
40 38 1.91075
40 39 -5.14756
40 40 -0.696566
42 0 -1966.43
42 1 137.867
42 2 -48.3158
42 3 -5.37148
42 4 2.68657
42 5 28.527
42 6 51.2752
42 7 0.754566
42 8 -34.2403
42 9 40.3063
42 10 -40.5347
42 11 -55.4914
42 12 -140.228
42 13 -23.2944
42 14 49.9269
42 15 -47.0035
42 16 28.027
42 17 24.1909
42 18 15.9701
42 19 4.26075
42 20 4.38669
42 21 15.8455
42 22 -8.73815
42 23 3.04654
42 24 18.9616
42 25 -6.24397
42 26 8.44338
42 27 -12.4983
42 28 -6.20536
42 29 -3.95715
42 30 -13.7355
42 31 -12.5019
42 32 -4.36296
42 33 -16.5153
42 34 -3.18333
42 35 2.05748
42 36 -1.4357
42 37 11.5583
42 38 -0.931851
42 39 2.73528
42 40 -1.60465
42 41 -3.60699
42 42 0.72004
44 0 910.01
44 1 270.538
44 2 -46.9633
44 3 18.622
44 4 10.444
44 5 4.66501
44 6 39.5344
44 7 -1.99885
44 8 14.096
44 9 16.6357
44 10 -1.3266
44 11 -29.425
44 12 -41.2154
44 13 -20.4047
44 14 0.8921
44 15 13.6875
44 16 -5.73695
44 17 -23.125
44 18 -26.0389
44 19 -19.8031
44 20 -15.3766
44 21 41.776
44 22 -12.7494
44 23 -6.61949
44 24 20.3526
44 25 -6.25149
44 26 -4.21439
44 27 27.0941
44 28 -7.24652
44 29 -6.9567
44 30 3.15249
44 31 -15.015
44 32 -8.17994
44 33 18.3343
44 34 -4.73999
44 35 1.15316
44 36 10.8248
44 37 3.39848
44 38 -4.50443
44 39 1.46797
44 40 1.40185
44 41 2.37344
44 42 1.38215
44 43 -1.39663
44 44 -3.29373
46 0 -1462.2
46 1 127.17
46 2 -47.1948
46 3 -19.1012
46 4 1.02128
46 5 -1.53752
46 6 24.3888
46 7 6.85407
46 8 19.6019
46 9 -2.46185
46 10 15.8805
46 11 14.153
46 12 51.3981
46 13 -2.88378
46 14 -2.59485
46 15 -18.7744
46 16 9.81199
46 17 -2.68442
46 18 -16.7738
46 19 8.00881
46 20 -4.00738
46 21 -27.1512
46 22 8.10424
46 23 4.94151
46 24 9.78683
46 25 5.1715
46 26 5.03169
46 27 -4.45704
46 28 7.88629
46 29 9.07836
46 30 6.38351
46 31 0.799428
46 32 -8.58363
46 33 4.27637
46 34 -3.85183
46 35 6.38503
46 36 2.69431
46 37 1.54074
46 38 -1.48761
46 39 -7.67594
46 40 -3.66542
46 41 -0.122823
46 42 2.16283
46 43 -0.0513593
46 44 -6.57058
46 45 3.62995
46 46 -2.51402
48 0 252.371
48 1 321.82
48 2 -70.4753
48 3 14.0973
48 4 1.05658
48 5 -3.62849
48 6 -47.6123
48 7 -5.05033
48 8 -12.9364
48 9 11.2329
48 10 -14.1141
48 11 37.6206
48 12 89.4878
48 13 18.5154
48 14 4.81243
48 15 -23.1449
48 16 5.6259
48 17 -16.0064
48 18 -0.589296
48 19 -3.48451
48 20 9.5917
48 21 -26.6876
48 22 -1.88697
48 23 -15.564
48 24 -5.06321
48 25 -4.64442
48 26 4.78581
48 27 -13.8985
48 28 -2.3856
48 29 9.09633
48 30 -12.2702
48 31 13.2793
48 32 -2.35523
48 33 -13.0949
48 34 -5.39982
48 35 -0.851423
48 36 3.47754
48 37 3.13349
48 38 -0.561176
48 39 10.2091
48 40 -18.4998
48 41 -4.7198
48 42 8.733
48 43 3.26801
48 44 -3.66559
48 45 2.1802
48 46 -3.2532
48 47 -1.33523
48 48 -3.1472
50 0 -704.781
50 1 151.83
50 2 -52.2741
50 3 -6.89089
50 4 -3.92348
50 5 -27.5545
50 6 -60.896
50 7 -8.39164
50 8 -18.8463
50 9 20.5015
50 10 -24.1012
50 11 6.58013
50 12 11.7931
50 13 5.84505
50 14 -2.71846
50 15 -3.82863
50 16 -16.4259
50 17 11.1948
50 18 29.6988
50 19 8.01518
50 20 2.14473
50 21 -5.81979
50 22 -1.13969
50 23 -7.81959
50 24 2.70871
50 25 0.0234704
50 26 -3.77384
50 27 -5.30478
50 28 -7.93029
50 29 -2.97308
50 30 -9.60843
50 31 3.14556
50 32 -3.57176
50 33 8.33874
50 34 -3.90723
50 35 -2.74328
50 36 4.54373
50 37 -1.81877
50 38 3.32901
50 39 17.0739
50 40 -16.9365
50 41 3.6575
50 42 10.1832
50 43 -1.54843
50 44 -1.32691
50 45 0.780022
50 46 1.5969
50 47 0.514387
50 48 -2.10138
50 49 3.72205
50 50 -0.902007
alm: (l,m,real,imag)
